2025-01-01	00	2	1	1	1	2025	0	元旦
2025-01-02	00	3	2	1	1	2025	1	
2025-01-03	00	4	3	1	1	2025	1	
2025-01-04	00	5	4	1	1	2025	0	
2025-01-05	00	6	5	1	1	2025	0	
2025-01-06	01	7	6	1	1	2025	1	
2025-01-07	01	1	7	1	1	2025	1	
2025-01-08	01	2	8	1	1	2025	1	
2025-01-09	01	3	9	1	1	2025	1	
2025-01-10	01	4	10	1	1	2025	1	
2025-01-11	01	5	11	1	1	2025	0	
2025-01-12	01	6	12	1	1	2025	0	
2025-01-13	02	7	13	1	1	2025	1	
2025-01-14	02	1	14	1	1	2025	1	
2025-01-15	02	2	15	1	1	2025	1	
2025-01-16	02	3	16	1	1	2025	1	
2025-01-17	02	4	17	1	1	2025	1	
2025-01-18	02	5	18	1	1	2025	0	
2025-01-19	02	6	19	1	1	2025	0	
2025-01-20	03	7	20	1	1	2025	1	
2025-01-21	03	1	21	1	1	2025	1	
2025-01-22	03	2	22	1	1	2025	1	
2025-01-23	03	3	23	1	1	2025	1	
2025-01-24	03	4	24	1	1	2025	1	
2025-01-25	03	5	25	1	1	2025	0	
2025-01-26	03	6	26	1	1	2025	0	
2025-01-27	04	7	27	1	1	2025	1	
2025-01-28	04	1	28	1	1	2025	1	
2025-01-29	04	2	29	1	1	2025	0	春节
2025-01-30	04	3	30	1	1	2025	0	春节
2025-01-31	04	4	31	1	1	2025	0	春节
2025-02-01	04	5	1	2	1	2025	0	春节
2025-02-02	04	6	2	2	1	2025	0	春节
2025-02-03	05	7	3	2	1	2025	1	
2025-02-04	05	1	4	2	1	2025	1	
2025-02-05	05	2	5	2	1	2025	1	
2025-02-06	05	3	6	2	1	2025	1	
2025-02-07	05	4	7	2	1	2025	1	
2025-02-08	05	5	8	2	1	2025	0	
2025-02-09	05	6	9	2	1	2025	0	
2025-02-10	06	7	10	2	1	2025	1	
2025-02-11	06	1	11	2	1	2025	1	
2025-02-12	06	2	12	2	1	2025	1	
2025-02-13	06	3	13	2	1	2025	1	
2025-02-14	06	4	14	2	1	2025	1	
2025-02-15	06	5	15	2	1	2025	0	
2025-02-16	06	6	16	2	1	2025	0	
2025-02-17	07	7	17	2	1	2025	1	
2025-02-18	07	1	18	2	1	2025	1	
2025-02-19	07	2	19	2	1	2025	1	
2025-02-20	07	3	20	2	1	2025	1	
2025-02-21	07	4	21	2	1	2025	1	
2025-02-22	07	5	22	2	1	2025	0	
2025-02-23	07	6	23	2	1	2025	0	
2025-02-24	08	7	24	2	1	2025	1	
2025-02-25	08	1	25	2	1	2025	1	
2025-02-26	08	2	26	2	1	2025	1	
2025-02-27	08	3	27	2	1	2025	1	
2025-02-28	08	4	28	2	1	2025	1	
2025-03-01	08	5	1	3	1	2025	0	
2025-03-02	08	6	2	3	1	2025	0	
2025-03-03	09	7	3	3	1	2025	1	
2025-03-04	09	1	4	3	1	2025	1	
2025-03-05	09	2	5	3	1	2025	1	
2025-03-06	09	3	6	3	1	2025	1	
2025-03-07	09	4	7	3	1	2025	1	
2025-03-08	09	5	8	3	1	2025	0	
2025-03-09	09	6	9	3	1	2025	0	
2025-03-10	10	7	10	3	1	2025	1	
2025-03-11	10	1	11	3	1	2025	1	
2025-03-12	10	2	12	3	1	2025	1	
2025-03-13	10	3	13	3	1	2025	1	
2025-03-14	10	4	14	3	1	2025	1	
2025-03-15	10	5	15	3	1	2025	0	
2025-03-16	10	6	16	3	1	2025	0	
2025-03-17	11	7	17	3	1	2025	1	
2025-03-18	11	1	18	3	1	2025	1	
2025-03-19	11	2	19	3	1	2025	1	
2025-03-20	11	3	20	3	1	2025	1	
2025-03-21	11	4	21	3	1	2025	1	
2025-03-22	11	5	22	3	1	2025	0	
2025-03-23	11	6	23	3	1	2025	0	
2025-03-24	12	7	24	3	1	2025	1	
2025-03-25	12	1	25	3	1	2025	1	
2025-03-26	12	2	26	3	1	2025	1	
2025-03-27	12	3	27	3	1	2025	1	
2025-03-28	12	4	28	3	1	2025	1	
2025-03-29	12	5	29	3	1	2025	0	
2025-03-30	12	6	30	3	1	2025	0	
2025-03-31	13	7	31	3	1	2025	1	
2025-04-01	13	1	1	4	2	2025	1	
2025-04-02	13	2	2	4	2	2025	1	
2025-04-03	13	3	3	4	2	2025	1	
2025-04-04	13	4	4	4	2	2025	0	清明节
2025-04-05	13	5	5	4	2	2025	0	清明节
2025-04-06	13	6	6	4	2	2025	0	清明节
2025-04-07	14	7	7	4	2	2025	1	
2025-04-08	14	1	8	4	2	2025	1	
2025-04-09	14	2	9	4	2	2025	1	
2025-04-10	14	3	10	4	2	2025	1	
2025-04-11	14	4	11	4	2	2025	1	
2025-04-12	14	5	12	4	2	2025	0	
2025-04-13	14	6	13	4	2	2025	0	
2025-04-14	15	7	14	4	2	2025	1	
2025-04-15	15	1	15	4	2	2025	1	
2025-04-16	15	2	16	4	2	2025	1	
2025-04-17	15	3	17	4	2	2025	1	
2025-04-18	15	4	18	4	2	2025	1	
2025-04-19	15	5	19	4	2	2025	0	
2025-04-20	15	6	20	4	2	2025	0	
2025-04-21	16	7	21	4	2	2025	1	
2025-04-22	16	1	22	4	2	2025	1	
2025-04-23	16	2	23	4	2	2025	1	
2025-04-24	16	3	24	4	2	2025	1	
2025-04-25	16	4	25	4	2	2025	1	
2025-04-26	16	5	26	4	2	2025	0	
2025-04-27	16	6	27	4	2	2025	0	
2025-04-28	17	7	28	4	2	2025	1	
2025-04-29	17	1	29	4	2	2025	1	
2025-04-30	17	2	30	4	2	2025	1	
2025-05-01	17	3	1	5	2	2025	0	劳动节
2025-05-02	17	4	2	5	2	2025	0	劳动节
2025-05-03	17	5	3	5	2	2025	0	劳动节
2025-05-04	17	6	4	5	2	2025	0	劳动节
2025-05-05	18	7	5	5	2	2025	0	劳动节
2025-05-06	18	1	6	5	2	2025	1	
2025-05-07	18	2	7	5	2	2025	1	
2025-05-08	18	3	8	5	2	2025	1	
2025-05-09	18	4	9	5	2	2025	1	
2025-05-10	18	5	10	5	2	2025	0	
2025-05-11	18	6	11	5	2	2025	0	
2025-05-12	19	7	12	5	2	2025	1	
2025-05-13	19	1	13	5	2	2025	1	
2025-05-14	19	2	14	5	2	2025	1	
2025-05-15	19	3	15	5	2	2025	1	
2025-05-16	19	4	16	5	2	2025	1	
2025-05-17	19	5	17	5	2	2025	0	
2025-05-18	19	6	18	5	2	2025	0	
2025-05-19	20	7	19	5	2	2025	1	
2025-05-20	20	1	20	5	2	2025	1	
2025-05-21	20	2	21	5	2	2025	1	
2025-05-22	20	3	22	5	2	2025	1	
2025-05-23	20	4	23	5	2	2025	1	
2025-05-24	20	5	24	5	2	2025	0	
2025-05-25	20	6	25	5	2	2025	0	
2025-05-26	21	7	26	5	2	2025	1	
2025-05-27	21	1	27	5	2	2025	1	
2025-05-28	21	2	28	5	2	2025	1	
2025-05-29	21	3	29	5	2	2025	1	
2025-05-30	21	4	30	5	2	2025	1	
2025-05-31	21	5	31	5	2	2025	0	端午节
2025-06-01	21	6	1	6	2	2025	0	端午节
2025-06-02	22	7	2	6	2	2025	0	端午节
2025-06-03	22	1	3	6	2	2025	1	
2025-06-04	22	2	4	6	2	2025	1	
2025-06-05	22	3	5	6	2	2025	1	
2025-06-06	22	4	6	6	2	2025	1	
2025-06-07	22	5	7	6	2	2025	0	
2025-06-08	22	6	8	6	2	2025	0	
2025-06-09	23	7	9	6	2	2025	1	
2025-06-10	23	1	10	6	2	2025	1	
2025-06-11	23	2	11	6	2	2025	1	
2025-06-12	23	3	12	6	2	2025	1	
2025-06-13	23	4	13	6	2	2025	1	
2025-06-14	23	5	14	6	2	2025	0	
2025-06-15	23	6	15	6	2	2025	0	
2025-06-16	24	7	16	6	2	2025	1	
2025-06-17	24	1	17	6	2	2025	1	
2025-06-18	24	2	18	6	2	2025	1	
2025-06-19	24	3	19	6	2	2025	1	
2025-06-20	24	4	20	6	2	2025	1	
2025-06-21	24	5	21	6	2	2025	0	
2025-06-22	24	6	22	6	2	2025	0	
2025-06-23	25	7	23	6	2	2025	1	
2025-06-24	25	1	24	6	2	2025	1	
2025-06-25	25	2	25	6	2	2025	1	
2025-06-26	25	3	26	6	2	2025	1	
2025-06-27	25	4	27	6	2	2025	1	
2025-06-28	25	5	28	6	2	2025	0	
2025-06-29	25	6	29	6	2	2025	0	
2025-06-30	26	7	30	6	2	2025	1	
2025-07-01	26	1	1	7	3	2025	1	
2025-07-02	26	2	2	7	3	2025	1	
2025-07-03	26	3	3	7	3	2025	1	
2025-07-04	26	4	4	7	3	2025	1	
2025-07-05	26	5	5	7	3	2025	0	
2025-07-06	26	6	6	7	3	2025	0	
2025-07-07	27	7	7	7	3	2025	1	
2025-07-08	27	1	8	7	3	2025	1	
2025-07-09	27	2	9	7	3	2025	1	
2025-07-10	27	3	10	7	3	2025	1	
2025-07-11	27	4	11	7	3	2025	1	
2025-07-12	27	5	12	7	3	2025	0	
2025-07-13	27	6	13	7	3	2025	0	
2025-07-14	28	7	14	7	3	2025	1	
2025-07-15	28	1	15	7	3	2025	1	
2025-07-16	28	2	16	7	3	2025	1	
2025-07-17	28	3	17	7	3	2025	1	
2025-07-18	28	4	18	7	3	2025	1	
2025-07-19	28	5	19	7	3	2025	0	
2025-07-20	28	6	20	7	3	2025	0	
2025-07-21	29	7	21	7	3	2025	1	
2025-07-22	29	1	22	7	3	2025	1	
2025-07-23	29	2	23	7	3	2025	1	
2025-07-24	29	3	24	7	3	2025	1	
2025-07-25	29	4	25	7	3	2025	1	
2025-07-26	29	5	26	7	3	2025	0	
2025-07-27	29	6	27	7	3	2025	0	
2025-07-28	30	7	28	7	3	2025	1	
2025-07-29	30	1	29	7	3	2025	1	
2025-07-30	30	2	30	7	3	2025	1	
2025-07-31	30	3	31	7	3	2025	1	
2025-08-01	30	4	1	8	3	2025	1	
2025-08-02	30	5	2	8	3	2025	0	
2025-08-03	30	6	3	8	3	2025	0	
2025-08-04	31	7	4	8	3	2025	1	
2025-08-05	31	1	5	8	3	2025	1	
2025-08-06	31	2	6	8	3	2025	1	
2025-08-07	31	3	7	8	3	2025	1	
2025-08-08	31	4	8	8	3	2025	1	
2025-08-09	31	5	9	8	3	2025	0	
2025-08-10	31	6	10	8	3	2025	0	
2025-08-11	32	7	11	8	3	2025	1	
2025-08-12	32	1	12	8	3	2025	1	
2025-08-13	32	2	13	8	3	2025	1	
2025-08-14	32	3	14	8	3	2025	1	
2025-08-15	32	4	15	8	3	2025	1	
2025-08-16	32	5	16	8	3	2025	0	
2025-08-17	32	6	17	8	3	2025	0	
2025-08-18	33	7	18	8	3	2025	1	
2025-08-19	33	1	19	8	3	2025	1	
2025-08-20	33	2	20	8	3	2025	1	
2025-08-21	33	3	21	8	3	2025	1	
2025-08-22	33	4	22	8	3	2025	1	
2025-08-23	33	5	23	8	3	2025	0	
2025-08-24	33	6	24	8	3	2025	0	
2025-08-25	34	7	25	8	3	2025	1	
2025-08-26	34	1	26	8	3	2025	1	
2025-08-27	34	2	27	8	3	2025	1	
2025-08-28	34	3	28	8	3	2025	1	
2025-08-29	34	4	29	8	3	2025	1	
2025-08-30	34	5	30	8	3	2025	0	
2025-08-31	34	6	31	8	3	2025	0	
2025-09-01	35	7	1	9	3	2025	1	
2025-09-02	35	1	2	9	3	2025	1	
2025-09-03	35	2	3	9	3	2025	1	
2025-09-04	35	3	4	9	3	2025	1	
2025-09-05	35	4	5	9	3	2025	1	
2025-09-06	35	5	6	9	3	2025	0	
2025-09-07	35	6	7	9	3	2025	0	
2025-09-08	36	7	8	9	3	2025	1	
2025-09-09	36	1	9	9	3	2025	1	
2025-09-10	36	2	10	9	3	2025	1	
2025-09-11	36	3	11	9	3	2025	1	
2025-09-12	36	4	12	9	3	2025	1	
2025-09-13	36	5	13	9	3	2025	0	
2025-09-14	36	6	14	9	3	2025	0	
2025-09-15	37	7	15	9	3	2025	1	
2025-09-16	37	1	16	9	3	2025	1	
2025-09-17	37	2	17	9	3	2025	1	
2025-09-18	37	3	18	9	3	2025	1	
2025-09-19	37	4	19	9	3	2025	1	
2025-09-20	37	5	20	9	3	2025	0	
2025-09-21	37	6	21	9	3	2025	0	
2025-09-22	38	7	22	9	3	2025	1	
2025-09-23	38	1	23	9	3	2025	1	
2025-09-24	38	2	24	9	3	2025	1	
2025-09-25	38	3	25	9	3	2025	1	
2025-09-26	38	4	26	9	3	2025	1	
2025-09-27	38	5	27	9	3	2025	0	
2025-09-28	38	6	28	9	3	2025	0	
2025-09-29	39	7	29	9	3	2025	1	
2025-09-30	39	1	30	9	3	2025	1	
2025-10-01	39	2	1	10	4	2025	0	国庆节
2025-10-02	39	3	2	10	4	2025	0	国庆节
2025-10-03	39	4	3	10	4	2025	0	国庆节
2025-10-04	39	5	4	10	4	2025	0	国庆节
2025-10-05	39	6	5	10	4	2025	0	国庆节
2025-10-06	40	7	6	10	4	2025	0	国庆节
2025-10-07	40	1	7	10	4	2025	0	国庆节
2025-10-08	40	2	8	10	4	2025	0	国庆节
2025-10-09	40	3	9	10	4	2025	1	
2025-10-10	40	4	10	10	4	2025	1	
2025-10-11	40	5	11	10	4	2025	0	
2025-10-12	40	6	12	10	4	2025	0	
2025-10-13	41	7	13	10	4	2025	1	
2025-10-14	41	1	14	10	4	2025	1	
2025-10-15	41	2	15	10	4	2025	1	
2025-10-16	41	3	16	10	4	2025	1	
2025-10-17	41	4	17	10	4	2025	1	
2025-10-18	41	5	18	10	4	2025	0	
2025-10-19	41	6	19	10	4	2025	0	
2025-10-20	42	7	20	10	4	2025	1	
2025-10-21	42	1	21	10	4	2025	1	
2025-10-22	42	2	22	10	4	2025	1	
2025-10-23	42	3	23	10	4	2025	1	
2025-10-24	42	4	24	10	4	2025	1	
2025-10-25	42	5	25	10	4	2025	0	
2025-10-26	42	6	26	10	4	2025	0	
2025-10-27	43	7	27	10	4	2025	1	
2025-10-28	43	1	28	10	4	2025	1	
2025-10-29	43	2	29	10	4	2025	1	
2025-10-30	43	3	30	10	4	2025	1	
2025-10-31	43	4	31	10	4	2025	1	
2025-11-01	43	5	1	11	4	2025	0	
2025-11-02	43	6	2	11	4	2025	0	
2025-11-03	44	7	3	11	4	2025	1	
2025-11-04	44	1	4	11	4	2025	1	
2025-11-05	44	2	5	11	4	2025	1	
2025-11-06	44	3	6	11	4	2025	1	
2025-11-07	44	4	7	11	4	2025	1	
2025-11-08	44	5	8	11	4	2025	0	
2025-11-09	44	6	9	11	4	2025	0	
2025-11-10	45	7	10	11	4	2025	1	
2025-11-11	45	1	11	11	4	2025	1	
2025-11-12	45	2	12	11	4	2025	1	
2025-11-13	45	3	13	11	4	2025	1	
2025-11-14	45	4	14	11	4	2025	1	
2025-11-15	45	5	15	11	4	2025	0	
2025-11-16	45	6	16	11	4	2025	0	
2025-11-17	46	7	17	11	4	2025	1	
2025-11-18	46	1	18	11	4	2025	1	
2025-11-19	46	2	19	11	4	2025	1	
2025-11-20	46	3	20	11	4	2025	1	
2025-11-21	46	4	21	11	4	2025	1	
2025-11-22	46	5	22	11	4	2025	0	
2025-11-23	46	6	23	11	4	2025	0	
2025-11-24	47	7	24	11	4	2025	1	
2025-11-25	47	1	25	11	4	2025	1	
2025-11-26	47	2	26	11	4	2025	1	
2025-11-27	47	3	27	11	4	2025	1	
2025-11-28	47	4	28	11	4	2025	1	
2025-11-29	47	5	29	11	4	2025	0	
2025-11-30	47	6	30	11	4	2025	0	
2025-12-01	48	7	1	12	4	2025	1	
2025-12-02	48	1	2	12	4	2025	1	
2025-12-03	48	2	3	12	4	2025	1	
2025-12-04	48	3	4	12	4	2025	1	
2025-12-05	48	4	5	12	4	2025	1	
2025-12-06	48	5	6	12	4	2025	0	
2025-12-07	48	6	7	12	4	2025	0	
2025-12-08	49	7	8	12	4	2025	1	
2025-12-09	49	1	9	12	4	2025	1	
2025-12-10	49	2	10	12	4	2025	1	
2025-12-11	49	3	11	12	4	2025	1	
2025-12-12	49	4	12	12	4	2025	1	
2025-12-13	49	5	13	12	4	2025	0	
2025-12-14	49	6	14	12	4	2025	0	
2025-12-15	50	7	15	12	4	2025	1	
2025-12-16	50	1	16	12	4	2025	1	
2025-12-17	50	2	17	12	4	2025	1	
2025-12-18	50	3	18	12	4	2025	1	
2025-12-19	50	4	19	12	4	2025	1	
2025-12-20	50	5	20	12	4	2025	0	
2025-12-21	50	6	21	12	4	2025	0	
2025-12-22	51	7	22	12	4	2025	1	
2025-12-23	51	1	23	12	4	2025	1	
2025-12-24	51	2	24	12	4	2025	1	
2025-12-25	51	3	25	12	4	2025	1	
2025-12-26	51	4	26	12	4	2025	1	
2025-12-27	51	5	27	12	4	2025	0	
2025-12-28	51	6	28	12	4	2025	0	
2025-12-29	52	7	29	12	4	2025	1	
2025-12-30	52	1	30	12	4	2025	1	
2025-12-31	52	2	31	12	4	2025	1	
2026-01-01	00	3	1	1	1	2026	0	元旦
2026-01-02	00	4	2	1	1	2026	0	元旦
2026-01-03	00	5	3	1	1	2026	0	元旦
2026-01-04	00	6	4	1	1	2026	0	
2026-01-05	01	7	5	1	1	2026	1	
2026-01-06	01	1	6	1	1	2026	1	
2026-01-07	01	2	7	1	1	2026	1	
2026-01-08	01	3	8	1	1	2026	1	
2026-01-09	01	4	9	1	1	2026	1	
2026-01-10	01	5	10	1	1	2026	0	
2026-01-11	01	6	11	1	1	2026	0	
2026-01-12	02	7	12	1	1	2026	1	
2026-01-13	02	1	13	1	1	2026	1	
2026-01-14	02	2	14	1	1	2026	1	
2026-01-15	02	3	15	1	1	2026	1	
2026-01-16	02	4	16	1	1	2026	1	
2026-01-17	02	5	17	1	1	2026	0	
2026-01-18	02	6	18	1	1	2026	0	
2026-01-19	03	7	19	1	1	2026	1	
2026-01-20	03	1	20	1	1	2026	1	
2026-01-21	03	2	21	1	1	2026	1	
2026-01-22	03	3	22	1	1	2026	1	
2026-01-23	03	4	23	1	1	2026	1	
2026-01-24	03	5	24	1	1	2026	0	
2026-01-25	03	6	25	1	1	2026	0	
2026-01-26	04	7	26	1	1	2026	1	
2026-01-27	04	1	27	1	1	2026	1	
2026-01-28	04	2	28	1	1	2026	1	
2026-01-29	04	3	29	1	1	2026	1	
2026-01-30	04	4	30	1	1	2026	1	
2026-01-31	04	5	31	1	1	2026	0	
2026-02-01	04	6	1	2	1	2026	0	
2026-02-02	05	7	2	2	1	2026	1	
2026-02-03	05	1	3	2	1	2026	1	
2026-02-04	05	2	4	2	1	2026	1	
2026-02-05	05	3	5	2	1	2026	1	
2026-02-06	05	4	6	2	1	2026	1	
2026-02-07	05	5	7	2	1	2026	0	
2026-02-08	05	6	8	2	1	2026	0	
2026-02-09	06	7	9	2	1	2026	1	
2026-02-10	06	1	10	2	1	2026	1	
2026-02-11	06	2	11	2	1	2026	1	
2026-02-12	06	3	12	2	1	2026	1	
2026-02-13	06	4	13	2	1	2026	1	
2026-02-14	06	5	14	2	1	2026	0	
2026-02-15	06	6	15	2	1	2026	0	
2026-02-16	07	7	16	2	1	2026	1	
2026-02-17	07	1	17	2	1	2026	0	春节
2026-02-18	07	2	18	2	1	2026	0	春节
2026-02-19	07	3	19	2	1	2026	0	春节
2026-02-20	07	4	20	2	1	2026	0	春节
2026-02-21	07	5	21	2	1	2026	0	春节
2026-02-22	07	6	22	2	1	2026	0	春节
2026-02-23	08	7	23	2	1	2026	0	春节
2026-02-24	08	1	24	2	1	2026	1	
2026-02-25	08	2	25	2	1	2026	1	
2026-02-26	08	3	26	2	1	2026	1	
2026-02-27	08	4	27	2	1	2026	1	
2026-02-28	08	5	28	2	1	2026	0	
2026-03-01	08	6	1	3	1	2026	0	
2026-03-02	09	7	2	3	1	2026	1	
2026-03-03	09	1	3	3	1	2026	1	
2026-03-04	09	2	4	3	1	2026	1	
2026-03-05	09	3	5	3	1	2026	1	
2026-03-06	09	4	6	3	1	2026	1	
2026-03-07	09	5	7	3	1	2026	0	
2026-03-08	09	6	8	3	1	2026	0	
2026-03-09	10	7	9	3	1	2026	1	
2026-03-10	10	1	10	3	1	2026	1	
2026-03-11	10	2	11	3	1	2026	1	
2026-03-12	10	3	12	3	1	2026	1	
2026-03-13	10	4	13	3	1	2026	1	
2026-03-14	10	5	14	3	1	2026	0	
2026-03-15	10	6	15	3	1	2026	0	
2026-03-16	11	7	16	3	1	2026	1	
2026-03-17	11	1	17	3	1	2026	1	
2026-03-18	11	2	18	3	1	2026	1	
2026-03-19	11	3	19	3	1	2026	1	
2026-03-20	11	4	20	3	1	2026	1	
2026-03-21	11	5	21	3	1	2026	0	
2026-03-22	11	6	22	3	1	2026	0	
2026-03-23	12	7	23	3	1	2026	1	
2026-03-24	12	1	24	3	1	2026	1	
2026-03-25	12	2	25	3	1	2026	1	
2026-03-26	12	3	26	3	1	2026	1	
2026-03-27	12	4	27	3	1	2026	1	
2026-03-28	12	5	28	3	1	2026	0	
2026-03-29	12	6	29	3	1	2026	0	
2026-03-30	13	7	30	3	1	2026	1	
2026-03-31	13	1	31	3	1	2026	1	
2026-04-01	13	2	1	4	2	2026	1	
2026-04-02	13	3	2	4	2	2026	1	
2026-04-03	13	4	3	4	2	2026	1	
2026-04-04	13	5	4	4	2	2026	0	
2026-04-05	13	6	5	4	2	2026	0	清明节
2026-04-06	14	7	6	4	2	2026	0	清明节
2026-04-07	14	1	7	4	2	2026	0	清明节
2026-04-08	14	2	8	4	2	2026	1	
2026-04-09	14	3	9	4	2	2026	1	
2026-04-10	14	4	10	4	2	2026	1	
2026-04-11	14	5	11	4	2	2026	0	
2026-04-12	14	6	12	4	2	2026	0	
2026-04-13	15	7	13	4	2	2026	1	
2026-04-14	15	1	14	4	2	2026	1	
2026-04-15	15	2	15	4	2	2026	1	
2026-04-16	15	3	16	4	2	2026	1	
2026-04-17	15	4	17	4	2	2026	1	
2026-04-18	15	5	18	4	2	2026	0	
2026-04-19	15	6	19	4	2	2026	0	
2026-04-20	16	7	20	4	2	2026	1	
2026-04-21	16	1	21	4	2	2026	1	
2026-04-22	16	2	22	4	2	2026	1	
2026-04-23	16	3	23	4	2	2026	1	
2026-04-24	16	4	24	4	2	2026	1	
2026-04-25	16	5	25	4	2	2026	0	
2026-04-26	16	6	26	4	2	2026	0	
2026-04-27	17	7	27	4	2	2026	1	
2026-04-28	17	1	28	4	2	2026	1	
2026-04-29	17	2	29	4	2	2026	1	
2026-04-30	17	3	30	4	2	2026	1	
2026-05-01	17	4	1	5	2	2026	0	劳动节
2026-05-02	17	5	2	5	2	2026	0	劳动节
2026-05-03	17	6	3	5	2	2026	0	劳动节
2026-05-04	18	7	4	5	2	2026	0	劳动节
2026-05-05	18	1	5	5	2	2026	0	劳动节
2026-05-06	18	2	6	5	2	2026	1	
2026-05-07	18	3	7	5	2	2026	1	
2026-05-08	18	4	8	5	2	2026	1	
2026-05-09	18	5	9	5	2	2026	0	
2026-05-10	18	6	10	5	2	2026	0	
2026-05-11	19	7	11	5	2	2026	1	
2026-05-12	19	1	12	5	2	2026	1	
2026-05-13	19	2	13	5	2	2026	1	
2026-05-14	19	3	14	5	2	2026	1	
2026-05-15	19	4	15	5	2	2026	1	
2026-05-16	19	5	16	5	2	2026	0	
2026-05-17	19	6	17	5	2	2026	0	
2026-05-18	20	7	18	5	2	2026	1	
2026-05-19	20	1	19	5	2	2026	1	
2026-05-20	20	2	20	5	2	2026	1	
2026-05-21	20	3	21	5	2	2026	1	
2026-05-22	20	4	22	5	2	2026	1	
2026-05-23	20	5	23	5	2	2026	0	
2026-05-24	20	6	24	5	2	2026	0	
2026-05-25	21	7	25	5	2	2026	1	
2026-05-26	21	1	26	5	2	2026	1	
2026-05-27	21	2	27	5	2	2026	1	
2026-05-28	21	3	28	5	2	2026	1	
2026-05-29	21	4	29	5	2	2026	1	
2026-05-30	21	5	30	5	2	2026	0	
2026-05-31	21	6	31	5	2	2026	0	
2026-06-01	22	7	1	6	2	2026	1	
2026-06-02	22	1	2	6	2	2026	1	
2026-06-03	22	2	3	6	2	2026	1	
2026-06-04	22	3	4	6	2	2026	1	
2026-06-05	22	4	5	6	2	2026	1	
2026-06-06	22	5	6	6	2	2026	0	
2026-06-07	22	6	7	6	2	2026	0	
2026-06-08	23	7	8	6	2	2026	1	
2026-06-09	23	1	9	6	2	2026	1	
2026-06-10	23	2	10	6	2	2026	1	
2026-06-11	23	3	11	6	2	2026	1	
2026-06-12	23	4	12	6	2	2026	1	
2026-06-13	23	5	13	6	2	2026	0	
2026-06-14	23	6	14	6	2	2026	0	
2026-06-15	24	7	15	6	2	2026	1	
2026-06-16	24	1	16	6	2	2026	1	
2026-06-17	24	2	17	6	2	2026	1	
2026-06-18	24	3	18	6	2	2026	1	
2026-06-19	24	4	19	6	2	2026	0	端午节
2026-06-20	24	5	20	6	2	2026	0	端午节
2026-06-21	24	6	21	6	2	2026	0	端午节
2026-06-22	25	7	22	6	2	2026	1	
2026-06-23	25	1	23	6	2	2026	1	
2026-06-24	25	2	24	6	2	2026	1	
2026-06-25	25	3	25	6	2	2026	1	
2026-06-26	25	4	26	6	2	2026	1	
2026-06-27	25	5	27	6	2	2026	0	
2026-06-28	25	6	28	6	2	2026	0	
2026-06-29	26	7	29	6	2	2026	1	
2026-06-30	26	1	30	6	2	2026	1	
2026-07-01	26	2	1	7	3	2026	1	
2026-07-02	26	3	2	7	3	2026	1	
2026-07-03	26	4	3	7	3	2026	1	
2026-07-04	26	5	4	7	3	2026	0	
2026-07-05	26	6	5	7	3	2026	0	
2026-07-06	27	7	6	7	3	2026	1	
2026-07-07	27	1	7	7	3	2026	1	
2026-07-08	27	2	8	7	3	2026	1	
2026-07-09	27	3	9	7	3	2026	1	
2026-07-10	27	4	10	7	3	2026	1	
2026-07-11	27	5	11	7	3	2026	0	
2026-07-12	27	6	12	7	3	2026	0	
2026-07-13	28	7	13	7	3	2026	1	
2026-07-14	28	1	14	7	3	2026	1	
2026-07-15	28	2	15	7	3	2026	1	
2026-07-16	28	3	16	7	3	2026	1	
2026-07-17	28	4	17	7	3	2026	1	
2026-07-18	28	5	18	7	3	2026	0	
2026-07-19	28	6	19	7	3	2026	0	
2026-07-20	29	7	20	7	3	2026	1	
2026-07-21	29	1	21	7	3	2026	1	
2026-07-22	29	2	22	7	3	2026	1	
2026-07-23	29	3	23	7	3	2026	1	
2026-07-24	29	4	24	7	3	2026	1	
2026-07-25	29	5	25	7	3	2026	0	
2026-07-26	29	6	26	7	3	2026	0	
2026-07-27	30	7	27	7	3	2026	1	
2026-07-28	30	1	28	7	3	2026	1	
2026-07-29	30	2	29	7	3	2026	1	
2026-07-30	30	3	30	7	3	2026	1	
2026-07-31	30	4	31	7	3	2026	1	
2026-08-01	30	5	1	8	3	2026	0	
2026-08-02	30	6	2	8	3	2026	0	
2026-08-03	31	7	3	8	3	2026	1	
2026-08-04	31	1	4	8	3	2026	1	
2026-08-05	31	2	5	8	3	2026	1	
2026-08-06	31	3	6	8	3	2026	1	
2026-08-07	31	4	7	8	3	2026	1	
2026-08-08	31	5	8	8	3	2026	0	
2026-08-09	31	6	9	8	3	2026	0	
2026-08-10	32	7	10	8	3	2026	1	
2026-08-11	32	1	11	8	3	2026	1	
2026-08-12	32	2	12	8	3	2026	1	
2026-08-13	32	3	13	8	3	2026	1	
2026-08-14	32	4	14	8	3	2026	1	
2026-08-15	32	5	15	8	3	2026	0	
2026-08-16	32	6	16	8	3	2026	0	
2026-08-17	33	7	17	8	3	2026	1	
2026-08-18	33	1	18	8	3	2026	1	
2026-08-19	33	2	19	8	3	2026	1	
2026-08-20	33	3	20	8	3	2026	1	
2026-08-21	33	4	21	8	3	2026	1	
2026-08-22	33	5	22	8	3	2026	0	
2026-08-23	33	6	23	8	3	2026	0	
2026-08-24	34	7	24	8	3	2026	1	
2026-08-25	34	1	25	8	3	2026	1	
2026-08-26	34	2	26	8	3	2026	1	
2026-08-27	34	3	27	8	3	2026	1	
2026-08-28	34	4	28	8	3	2026	1	
2026-08-29	34	5	29	8	3	2026	0	
2026-08-30	34	6	30	8	3	2026	0	
2026-08-31	35	7	31	8	3	2026	1	
2026-09-01	35	1	1	9	3	2026	1	
2026-09-02	35	2	2	9	3	2026	1	
2026-09-03	35	3	3	9	3	2026	1	
2026-09-04	35	4	4	9	3	2026	1	
2026-09-05	35	5	5	9	3	2026	0	
2026-09-06	35	6	6	9	3	2026	0	
2026-09-07	36	7	7	9	3	2026	1	
2026-09-08	36	1	8	9	3	2026	1	
2026-09-09	36	2	9	9	3	2026	1	
2026-09-10	36	3	10	9	3	2026	1	
2026-09-11	36	4	11	9	3	2026	1	
2026-09-12	36	5	12	9	3	2026	0	
2026-09-13	36	6	13	9	3	2026	0	
2026-09-14	37	7	14	9	3	2026	1	
2026-09-15	37	1	15	9	3	2026	1	
2026-09-16	37	2	16	9	3	2026	1	
2026-09-17	37	3	17	9	3	2026	1	
2026-09-18	37	4	18	9	3	2026	1	
2026-09-19	37	5	19	9	3	2026	0	
2026-09-20	37	6	20	9	3	2026	0	
2026-09-21	38	7	21	9	3	2026	1	
2026-09-22	38	1	22	9	3	2026	1	
2026-09-23	38	2	23	9	3	2026	1	
2026-09-24	38	3	24	9	3	2026	1	
2026-09-25	38	4	25	9	3	2026	1	
2026-09-26	38	5	26	9	3	2026	0	
2026-09-27	38	6	27	9	3	2026	0	
2026-09-28	39	7	28	9	3	2026	1	
2026-09-29	39	1	29	9	3	2026	1	
2026-09-30	39	2	30	9	3	2026	1	
2026-10-01	39	3	1	10	4	2026	0	国庆节
2026-10-02	39	4	2	10	4	2026	0	国庆节
2026-10-03	39	5	3	10	4	2026	0	国庆节
2026-10-04	39	6	4	10	4	2026	0	国庆节
2026-10-05	40	7	5	10	4	2026	0	国庆节
2026-10-06	40	1	6	10	4	2026	0	国庆节
2026-10-07	40	2	7	10	4	2026	0	国庆节
2026-10-08	40	3	8	10	4	2026	1	
2026-10-09	40	4	9	10	4	2026	1	
2026-10-10	40	5	10	10	4	2026	0	
2026-10-11	40	6	11	10	4	2026	0	
2026-10-12	41	7	12	10	4	2026	1	
2026-10-13	41	1	13	10	4	2026	1	
2026-10-14	41	2	14	10	4	2026	1	
2026-10-15	41	3	15	10	4	2026	1	
2026-10-16	41	4	16	10	4	2026	1	
2026-10-17	41	5	17	10	4	2026	0	
2026-10-18	41	6	18	10	4	2026	0	
2026-10-19	42	7	19	10	4	2026	1	
2026-10-20	42	1	20	10	4	2026	1	
2026-10-21	42	2	21	10	4	2026	1	
2026-10-22	42	3	22	10	4	2026	1	
2026-10-23	42	4	23	10	4	2026	1	
2026-10-24	42	5	24	10	4	2026	0	
2026-10-25	42	6	25	10	4	2026	0	
2026-10-26	43	7	26	10	4	2026	1	
2026-10-27	43	1	27	10	4	2026	1	
2026-10-28	43	2	28	10	4	2026	1	
2026-10-29	43	3	29	10	4	2026	1	
2026-10-30	43	4	30	10	4	2026	1	
2026-10-31	43	5	31	10	4	2026	0	
2026-11-01	43	6	1	11	4	2026	0	
2026-11-02	44	7	2	11	4	2026	1	
2026-11-03	44	1	3	11	4	2026	1	
2026-11-04	44	2	4	11	4	2026	1	
2026-11-05	44	3	5	11	4	2026	1	
2026-11-06	44	4	6	11	4	2026	1	
2026-11-07	44	5	7	11	4	2026	0	
2026-11-08	44	6	8	11	4	2026	0	
2026-11-09	45	7	9	11	4	2026	1	
2026-11-10	45	1	10	11	4	2026	1	
2026-11-11	45	2	11	11	4	2026	1	
2026-11-12	45	3	12	11	4	2026	1	
2026-11-13	45	4	13	11	4	2026	1	
2026-11-14	45	5	14	11	4	2026	0	
2026-11-15	45	6	15	11	4	2026	0	
2026-11-16	46	7	16	11	4	2026	1	
2026-11-17	46	1	17	11	4	2026	1	
2026-11-18	46	2	18	11	4	2026	1	
2026-11-19	46	3	19	11	4	2026	1	
2026-11-20	46	4	20	11	4	2026	1	
2026-11-21	46	5	21	11	4	2026	0	
2026-11-22	46	6	22	11	4	2026	0	
2026-11-23	47	7	23	11	4	2026	1	
2026-11-24	47	1	24	11	4	2026	1	
2026-11-25	47	2	25	11	4	2026	1	
2026-11-26	47	3	26	11	4	2026	1	
2026-11-27	47	4	27	11	4	2026	1	
2026-11-28	47	5	28	11	4	2026	0	
2026-11-29	47	6	29	11	4	2026	0	
2026-11-30	48	7	30	11	4	2026	1	
2026-12-01	48	1	1	12	4	2026	1	
2026-12-02	48	2	2	12	4	2026	1	
2026-12-03	48	3	3	12	4	2026	1	
2026-12-04	48	4	4	12	4	2026	1	
2026-12-05	48	5	5	12	4	2026	0	
2026-12-06	48	6	6	12	4	2026	0	
2026-12-07	49	7	7	12	4	2026	1	
2026-12-08	49	1	8	12	4	2026	1	
2026-12-09	49	2	9	12	4	2026	1	
2026-12-10	49	3	10	12	4	2026	1	
2026-12-11	49	4	11	12	4	2026	1	
2026-12-12	49	5	12	12	4	2026	0	
2026-12-13	49	6	13	12	4	2026	0	
2026-12-14	50	7	14	12	4	2026	1	
2026-12-15	50	1	15	12	4	2026	1	
2026-12-16	50	2	16	12	4	2026	1	
2026-12-17	50	3	17	12	4	2026	1	
2026-12-18	50	4	18	12	4	2026	1	
2026-12-19	50	5	19	12	4	2026	0	
2026-12-20	50	6	20	12	4	2026	0	
2026-12-21	51	7	21	12	4	2026	1	
2026-12-22	51	1	22	12	4	2026	1	
2026-12-23	51	2	23	12	4	2026	1	
2026-12-24	51	3	24	12	4	2026	1	
2026-12-25	51	4	25	12	4	2026	1	
2026-12-26	51	5	26	12	4	2026	0	
2026-12-27	51	6	27	12	4	2026	0	
2026-12-28	52	7	28	12	4	2026	1	
2026-12-29	52	1	29	12	4	2026	1	
2026-12-30	52	2	30	12	4	2026	1	
2026-12-31	52	3	31	12	4	2026	1	
2027-01-01	00	4	1	1	1	2027	0	
2027-01-02	00	5	2	1	1	2027	0	
2027-01-03	00	6	3	1	1	2027	0	
2027-01-04	01	7	4	1	1	2027	1	
2027-01-05	01	1	5	1	1	2027	1	
2027-01-06	01	2	6	1	1	2027	1	
2027-01-07	01	3	7	1	1	2027	1	
2027-01-08	01	4	8	1	1	2027	1	
2027-01-09	01	5	9	1	1	2027	0	
2027-01-10	01	6	10	1	1	2027	0	
2027-01-11	02	7	11	1	1	2027	1	
2027-01-12	02	1	12	1	1	2027	1	
2027-01-13	02	2	13	1	1	2027	1	
2027-01-14	02	3	14	1	1	2027	1	
2027-01-15	02	4	15	1	1	2027	1	
2027-01-16	02	5	16	1	1	2027	0	
2027-01-17	02	6	17	1	1	2027	0	
2027-01-18	03	7	18	1	1	2027	1	
2027-01-19	03	1	19	1	1	2027	1	
2027-01-20	03	2	20	1	1	2027	1	
2027-01-21	03	3	21	1	1	2027	1	
2027-01-22	03	4	22	1	1	2027	1	
2027-01-23	03	5	23	1	1	2027	0	
2027-01-24	03	6	24	1	1	2027	0	
2027-01-25	04	7	25	1	1	2027	1	
2027-01-26	04	1	26	1	1	2027	1	
2027-01-27	04	2	27	1	1	2027	1	
2027-01-28	04	3	28	1	1	2027	1	
2027-01-29	04	4	29	1	1	2027	1	
2027-01-30	04	5	30	1	1	2027	0	
2027-01-31	04	6	31	1	1	2027	0	
2027-02-01	05	7	1	2	1	2027	1	
2027-02-02	05	1	2	2	1	2027	1	
2027-02-03	05	2	3	2	1	2027	1	
2027-02-04	05	3	4	2	1	2027	1	
2027-02-05	05	4	5	2	1	2027	1	
2027-02-06	05	5	6	2	1	2027	0	
2027-02-07	05	6	7	2	1	2027	0	
2027-02-08	06	7	8	2	1	2027	0	
2027-02-09	06	1	9	2	1	2027	0	
2027-02-10	06	2	10	2	1	2027	0	
2027-02-11	06	3	11	2	1	2027	0	
2027-02-12	06	4	12	2	1	2027	0	
2027-02-13	06	5	13	2	1	2027	0	
2027-02-14	06	6	14	2	1	2027	0	
2027-02-15	07	7	15	2	1	2027	1	
2027-02-16	07	1	16	2	1	2027	1	
2027-02-17	07	2	17	2	1	2027	1	
2027-02-18	07	3	18	2	1	2027	1	
2027-02-19	07	4	19	2	1	2027	1	
2027-02-20	07	5	20	2	1	2027	0	
2027-02-21	07	6	21	2	1	2027	0	
2027-02-22	08	7	22	2	1	2027	1	
2027-02-23	08	1	23	2	1	2027	1	
2027-02-24	08	2	24	2	1	2027	1	
2027-02-25	08	3	25	2	1	2027	1	
2027-02-26	08	4	26	2	1	2027	1	
2027-02-27	08	5	27	2	1	2027	0	
2027-02-28	08	6	28	2	1	2027	0	
2027-03-01	09	7	1	3	1	2027	1	
2027-03-02	09	1	2	3	1	2027	1	
2027-03-03	09	2	3	3	1	2027	1	
2027-03-04	09	3	4	3	1	2027	1	
2027-03-05	09	4	5	3	1	2027	1	
2027-03-06	09	5	6	3	1	2027	0	
2027-03-07	09	6	7	3	1	2027	0	
2027-03-08	10	7	8	3	1	2027	1	
2027-03-09	10	1	9	3	1	2027	1	
2027-03-10	10	2	10	3	1	2027	1	
2027-03-11	10	3	11	3	1	2027	1	
2027-03-12	10	4	12	3	1	2027	1	
2027-03-13	10	5	13	3	1	2027	0	
2027-03-14	10	6	14	3	1	2027	0	
2027-03-15	11	7	15	3	1	2027	1	
2027-03-16	11	1	16	3	1	2027	1	
2027-03-17	11	2	17	3	1	2027	1	
2027-03-18	11	3	18	3	1	2027	1	
2027-03-19	11	4	19	3	1	2027	1	
2027-03-20	11	5	20	3	1	2027	0	
2027-03-21	11	6	21	3	1	2027	0	
2027-03-22	12	7	22	3	1	2027	1	
2027-03-23	12	1	23	3	1	2027	1	
2027-03-24	12	2	24	3	1	2027	1	
2027-03-25	12	3	25	3	1	2027	1	
2027-03-26	12	4	26	3	1	2027	1	
2027-03-27	12	5	27	3	1	2027	0	
2027-03-28	12	6	28	3	1	2027	0	
2027-03-29	13	7	29	3	1	2027	0	
2027-03-30	13	1	30	3	1	2027	0	
2027-03-31	13	2	31	3	1	2027	1	
2027-04-01	13	3	1	4	2	2027	1	
2027-04-02	13	4	2	4	2	2027	1	
2027-04-03	13	5	3	4	2	2027	0	
2027-04-04	13	6	4	4	2	2027	0	
2027-04-05	14	7	5	4	2	2027	1	
2027-04-06	14	1	6	4	2	2027	1	
2027-04-07	14	2	7	4	2	2027	1	
2027-04-08	14	3	8	4	2	2027	1	
2027-04-09	14	4	9	4	2	2027	1	
2027-04-10	14	5	10	4	2	2027	0	
2027-04-11	14	6	11	4	2	2027	0	
2027-04-12	15	7	12	4	2	2027	1	
2027-04-13	15	1	13	4	2	2027	1	
2027-04-14	15	2	14	4	2	2027	1	
2027-04-15	15	3	15	4	2	2027	1	
2027-04-16	15	4	16	4	2	2027	1	
2027-04-17	15	5	17	4	2	2027	0	
2027-04-18	15	6	18	4	2	2027	0	
2027-04-19	16	7	19	4	2	2027	1	
2027-04-20	16	1	20	4	2	2027	1	
2027-04-21	16	2	21	4	2	2027	1	
2027-04-22	16	3	22	4	2	2027	1	
2027-04-23	16	4	23	4	2	2027	1	
2027-04-24	16	5	24	4	2	2027	0	
2027-04-25	16	6	25	4	2	2027	0	
2027-04-26	17	7	26	4	2	2027	1	
2027-04-27	17	1	27	4	2	2027	1	
2027-04-28	17	2	28	4	2	2027	1	
2027-04-29	17	3	29	4	2	2027	1	
2027-04-30	17	4	30	4	2	2027	1	
2027-05-01	17	5	1	5	2	2027	0	
2027-05-02	17	6	2	5	2	2027	0	
2027-05-03	18	7	3	5	2	2027	0	
2027-05-04	18	1	4	5	2	2027	0	
2027-05-05	18	2	5	5	2	2027	0	
2027-05-06	18	3	6	5	2	2027	1	
2027-05-07	18	4	7	5	2	2027	1	
2027-05-08	18	5	8	5	2	2027	0	
2027-05-09	18	6	9	5	2	2027	0	
2027-05-10	19	7	10	5	2	2027	1	
2027-05-11	19	1	11	5	2	2027	1	
2027-05-12	19	2	12	5	2	2027	1	
2027-05-13	19	3	13	5	2	2027	1	
2027-05-14	19	4	14	5	2	2027	1	
2027-05-15	19	5	15	5	2	2027	0	
2027-05-16	19	6	16	5	2	2027	0	
2027-05-17	20	7	17	5	2	2027	1	
2027-05-18	20	1	18	5	2	2027	1	
2027-05-19	20	2	19	5	2	2027	1	
2027-05-20	20	3	20	5	2	2027	1	
2027-05-21	20	4	21	5	2	2027	1	
2027-05-22	20	5	22	5	2	2027	0	
2027-05-23	20	6	23	5	2	2027	0	
2027-05-24	21	7	24	5	2	2027	1	
2027-05-25	21	1	25	5	2	2027	1	
2027-05-26	21	2	26	5	2	2027	1	
2027-05-27	21	3	27	5	2	2027	1	
2027-05-28	21	4	28	5	2	2027	1	
2027-05-29	21	5	29	5	2	2027	0	
2027-05-30	21	6	30	5	2	2027	0	
2027-05-31	22	7	31	5	2	2027	1	
2027-06-01	22	1	1	6	2	2027	1	
2027-06-02	22	2	2	6	2	2027	1	
2027-06-03	22	3	3	6	2	2027	1	
2027-06-04	22	4	4	6	2	2027	1	
2027-06-05	22	5	5	6	2	2027	0	
2027-06-06	22	6	6	6	2	2027	0	
2027-06-07	23	7	7	6	2	2027	1	
2027-06-08	23	1	8	6	2	2027	1	
2027-06-09	23	2	9	6	2	2027	1	
2027-06-10	23	3	10	6	2	2027	1	
2027-06-11	23	4	11	6	2	2027	1	
2027-06-12	23	5	12	6	2	2027	0	
2027-06-13	23	6	13	6	2	2027	0	
2027-06-14	24	7	14	6	2	2027	1	
2027-06-15	24	1	15	6	2	2027	1	
2027-06-16	24	2	16	6	2	2027	1	
2027-06-17	24	3	17	6	2	2027	1	
2027-06-18	24	4	18	6	2	2027	1	
2027-06-19	24	5	19	6	2	2027	0	
2027-06-20	24	6	20	6	2	2027	0	
2027-06-21	25	7	21	6	2	2027	1	
2027-06-22	25	1	22	6	2	2027	1	
2027-06-23	25	2	23	6	2	2027	1	
2027-06-24	25	3	24	6	2	2027	1	
2027-06-25	25	4	25	6	2	2027	1	
2027-06-26	25	5	26	6	2	2027	0	
2027-06-27	25	6	27	6	2	2027	0	
2027-06-28	26	7	28	6	2	2027	1	
2027-06-29	26	1	29	6	2	2027	1	
2027-06-30	26	2	30	6	2	2027	1	
2027-07-01	26	3	1	7	3	2027	1	
2027-07-02	26	4	2	7	3	2027	1	
2027-07-03	26	5	3	7	3	2027	0	
2027-07-04	26	6	4	7	3	2027	0	
2027-07-05	27	7	5	7	3	2027	1	
2027-07-06	27	1	6	7	3	2027	1	
2027-07-07	27	2	7	7	3	2027	1	
2027-07-08	27	3	8	7	3	2027	1	
2027-07-09	27	4	9	7	3	2027	1	
2027-07-10	27	5	10	7	3	2027	0	
2027-07-11	27	6	11	7	3	2027	0	
2027-07-12	28	7	12	7	3	2027	1	
2027-07-13	28	1	13	7	3	2027	1	
2027-07-14	28	2	14	7	3	2027	1	
2027-07-15	28	3	15	7	3	2027	1	
2027-07-16	28	4	16	7	3	2027	1	
2027-07-17	28	5	17	7	3	2027	0	
2027-07-18	28	6	18	7	3	2027	0	
2027-07-19	29	7	19	7	3	2027	1	
2027-07-20	29	1	20	7	3	2027	1	
2027-07-21	29	2	21	7	3	2027	1	
2027-07-22	29	3	22	7	3	2027	1	
2027-07-23	29	4	23	7	3	2027	1	
2027-07-24	29	5	24	7	3	2027	0	
2027-07-25	29	6	25	7	3	2027	0	
2027-07-26	30	7	26	7	3	2027	1	
2027-07-27	30	1	27	7	3	2027	1	
2027-07-28	30	2	28	7	3	2027	1	
2027-07-29	30	3	29	7	3	2027	1	
2027-07-30	30	4	30	7	3	2027	1	
2027-07-31	30	5	31	7	3	2027	0	
2027-08-01	30	6	1	8	3	2027	0	
2027-08-02	31	7	2	8	3	2027	1	
2027-08-03	31	1	3	8	3	2027	1	
2027-08-04	31	2	4	8	3	2027	1	
2027-08-05	31	3	5	8	3	2027	1	
2027-08-06	31	4	6	8	3	2027	1	
2027-08-07	31	5	7	8	3	2027	0	
2027-08-08	31	6	8	8	3	2027	0	
2027-08-09	32	7	9	8	3	2027	1	
2027-08-10	32	1	10	8	3	2027	1	
2027-08-11	32	2	11	8	3	2027	1	
2027-08-12	32	3	12	8	3	2027	1	
2027-08-13	32	4	13	8	3	2027	1	
2027-08-14	32	5	14	8	3	2027	0	
2027-08-15	32	6	15	8	3	2027	0	
2027-08-16	33	7	16	8	3	2027	1	
2027-08-17	33	1	17	8	3	2027	1	
2027-08-18	33	2	18	8	3	2027	1	
2027-08-19	33	3	19	8	3	2027	1	
2027-08-20	33	4	20	8	3	2027	1	
2027-08-21	33	5	21	8	3	2027	0	
2027-08-22	33	6	22	8	3	2027	0	
2027-08-23	34	7	23	8	3	2027	1	
2027-08-24	34	1	24	8	3	2027	1	
2027-08-25	34	2	25	8	3	2027	1	
2027-08-26	34	3	26	8	3	2027	1	
2027-08-27	34	4	27	8	3	2027	1	
2027-08-28	34	5	28	8	3	2027	0	
2027-08-29	34	6	29	8	3	2027	0	
2027-08-30	35	7	30	8	3	2027	1	
2027-08-31	35	1	31	8	3	2027	1	
2027-09-01	35	2	1	9	3	2027	1	
2027-09-02	35	3	2	9	3	2027	1	
2027-09-03	35	4	3	9	3	2027	1	
2027-09-04	35	5	4	9	3	2027	0	
2027-09-05	35	6	5	9	3	2027	0	
2027-09-06	36	7	6	9	3	2027	1	
2027-09-07	36	1	7	9	3	2027	1	
2027-09-08	36	2	8	9	3	2027	1	
2027-09-09	36	3	9	9	3	2027	1	
2027-09-10	36	4	10	9	3	2027	1	
2027-09-11	36	5	11	9	3	2027	0	
2027-09-12	36	6	12	9	3	2027	0	
2027-09-13	37	7	13	9	3	2027	1	
2027-09-14	37	1	14	9	3	2027	1	
2027-09-15	37	2	15	9	3	2027	1	
2027-09-16	37	3	16	9	3	2027	1	
2027-09-17	37	4	17	9	3	2027	1	
2027-09-18	37	5	18	9	3	2027	0	
2027-09-19	37	6	19	9	3	2027	0	
2027-09-20	38	7	20	9	3	2027	1	
2027-09-21	38	1	21	9	3	2027	1	
2027-09-22	38	2	22	9	3	2027	1	
2027-09-23	38	3	23	9	3	2027	1	
2027-09-24	38	4	24	9	3	2027	1	
2027-09-25	38	5	25	9	3	2027	0	
2027-09-26	38	6	26	9	3	2027	0	
2027-09-27	39	7	27	9	3	2027	1	
2027-09-28	39	1	28	9	3	2027	1	
2027-09-29	39	2	29	9	3	2027	1	
2027-09-30	39	3	30	9	3	2027	1	
2027-10-01	39	4	1	10	4	2027	0	
2027-10-02	39	5	2	10	4	2027	0	
2027-10-03	39	6	3	10	4	2027	0	
2027-10-04	40	7	4	10	4	2027	0	
2027-10-05	40	1	5	10	4	2027	0	
2027-10-06	40	2	6	10	4	2027	0	
2027-10-07	40	3	7	10	4	2027	0	
2027-10-08	40	4	8	10	4	2027	1	
2027-10-09	40	5	9	10	4	2027	0	
2027-10-10	40	6	10	10	4	2027	0	
2027-10-11	41	7	11	10	4	2027	1	
2027-10-12	41	1	12	10	4	2027	1	
2027-10-13	41	2	13	10	4	2027	1	
2027-10-14	41	3	14	10	4	2027	1	
2027-10-15	41	4	15	10	4	2027	1	
2027-10-16	41	5	16	10	4	2027	0	
2027-10-17	41	6	17	10	4	2027	0	
2027-10-18	42	7	18	10	4	2027	1	
2027-10-19	42	1	19	10	4	2027	1	
2027-10-20	42	2	20	10	4	2027	1	
2027-10-21	42	3	21	10	4	2027	1	
2027-10-22	42	4	22	10	4	2027	1	
2027-10-23	42	5	23	10	4	2027	0	
2027-10-24	42	6	24	10	4	2027	0	
2027-10-25	43	7	25	10	4	2027	1	
2027-10-26	43	1	26	10	4	2027	1	
2027-10-27	43	2	27	10	4	2027	1	
2027-10-28	43	3	28	10	4	2027	1	
2027-10-29	43	4	29	10	4	2027	1	
2027-10-30	43	5	30	10	4	2027	0	
2027-10-31	43	6	31	10	4	2027	0	
2027-11-01	44	7	1	11	4	2027	1	
2027-11-02	44	1	2	11	4	2027	1	
2027-11-03	44	2	3	11	4	2027	1	
2027-11-04	44	3	4	11	4	2027	1	
2027-11-05	44	4	5	11	4	2027	1	
2027-11-06	44	5	6	11	4	2027	0	
2027-11-07	44	6	7	11	4	2027	0	
2027-11-08	45	7	8	11	4	2027	1	
2027-11-09	45	1	9	11	4	2027	1	
2027-11-10	45	2	10	11	4	2027	1	
2027-11-11	45	3	11	11	4	2027	1	
2027-11-12	45	4	12	11	4	2027	1	
2027-11-13	45	5	13	11	4	2027	0	
2027-11-14	45	6	14	11	4	2027	0	
2027-11-15	46	7	15	11	4	2027	1	
2027-11-16	46	1	16	11	4	2027	1	
2027-11-17	46	2	17	11	4	2027	1	
2027-11-18	46	3	18	11	4	2027	1	
2027-11-19	46	4	19	11	4	2027	1	
2027-11-20	46	5	20	11	4	2027	0	
2027-11-21	46	6	21	11	4	2027	0	
2027-11-22	47	7	22	11	4	2027	1	
2027-11-23	47	1	23	11	4	2027	1	
2027-11-24	47	2	24	11	4	2027	1	
2027-11-25	47	3	25	11	4	2027	1	
2027-11-26	47	4	26	11	4	2027	1	
2027-11-27	47	5	27	11	4	2027	0	
2027-11-28	47	6	28	11	4	2027	0	
2027-11-29	48	7	29	11	4	2027	1	
2027-11-30	48	1	30	11	4	2027	1	
2027-12-01	48	2	1	12	4	2027	1	
2027-12-02	48	3	2	12	4	2027	1	
2027-12-03	48	4	3	12	4	2027	1	
2027-12-04	48	5	4	12	4	2027	0	
2027-12-05	48	6	5	12	4	2027	0	
2027-12-06	49	7	6	12	4	2027	1	
2027-12-07	49	1	7	12	4	2027	1	
2027-12-08	49	2	8	12	4	2027	1	
2027-12-09	49	3	9	12	4	2027	1	
2027-12-10	49	4	10	12	4	2027	1	
2027-12-11	49	5	11	12	4	2027	0	
2027-12-12	49	6	12	12	4	2027	0	
2027-12-13	50	7	13	12	4	2027	1	
2027-12-14	50	1	14	12	4	2027	1	
2027-12-15	50	2	15	12	4	2027	1	
2027-12-16	50	3	16	12	4	2027	1	
2027-12-17	50	4	17	12	4	2027	1	
2027-12-18	50	5	18	12	4	2027	0	
2027-12-19	50	6	19	12	4	2027	0	
2027-12-20	51	7	20	12	4	2027	1	
2027-12-21	51	1	21	12	4	2027	1	
2027-12-22	51	2	22	12	4	2027	1	
2027-12-23	51	3	23	12	4	2027	1	
2027-12-24	51	4	24	12	4	2027	1	
2027-12-25	51	5	25	12	4	2027	0	
2027-12-26	51	6	26	12	4	2027	0	
2027-12-27	52	7	27	12	4	2027	1	
2027-12-28	52	1	28	12	4	2027	1	
2027-12-29	52	2	29	12	4	2027	1	
2027-12-30	52	3	30	12	4	2027	1	
2027-12-31	52	4	31	12	4	2027	1	